(kicad_pcb (version 20171130) (host pcbnew "(5.1.8-0-10_14)")

  (general
    (thickness 1.6)
    (drawings 17)
    (tracks 57)
    (zones 0)
    (modules 11)
    (nets 15)
  )

  (page A4)
  (layers
    (0 F.Cu signal)
    (31 B.Cu signal)
    (32 B.Adhes user)
    (33 F.Adhes user)
    (34 B.Paste user)
    (35 F.Paste user)
    (36 B.SilkS user)
    (37 F.SilkS user)
    (38 B.Mask user)
    (39 F.Mask user)
    (40 Dwgs.User user)
    (41 Cmts.User user)
    (42 Eco1.User user)
    (43 Eco2.User user)
    (44 Edge.Cuts user)
    (45 Margin user)
    (46 B.CrtYd user)
    (47 F.CrtYd user)
    (48 B.Fab user)
    (49 F.Fab user)
  )

  (setup
    (last_trace_width 0.25)
    (user_trace_width 0.5)
    (trace_clearance 0.2)
    (zone_clearance 0.508)
    (zone_45_only no)
    (trace_min 0.2)
    (via_size 0.8)
    (via_drill 0.4)
    (via_min_size 0.4)
    (via_min_drill 0.3)
    (uvia_size 0.3)
    (uvia_drill 0.1)
    (uvias_allowed no)
    (uvia_min_size 0.2)
    (uvia_min_drill 0.1)
    (edge_width 0.1)
    (segment_width 0.2)
    (pcb_text_width 0.3)
    (pcb_text_size 1.5 1.5)
    (mod_edge_width 0.15)
    (mod_text_size 1 1)
    (mod_text_width 0.15)
    (pad_size 1.524 1.524)
    (pad_drill 0.762)
    (pad_to_mask_clearance 0)
    (aux_axis_origin 0 0)
    (visible_elements FFFFFF7F)
    (pcbplotparams
      (layerselection 0x010fc_ffffffff)
      (usegerberextensions false)
      (usegerberattributes true)
      (usegerberadvancedattributes true)
      (creategerberjobfile true)
      (excludeedgelayer true)
      (linewidth 0.100000)
      (plotframeref false)
      (viasonmask false)
      (mode 1)
      (useauxorigin false)
      (hpglpennumber 1)
      (hpglpenspeed 20)
      (hpglpendiameter 15.000000)
      (psnegative false)
      (psa4output false)
      (plotreference true)
      (plotvalue true)
      (plotinvisibletext false)
      (padsonsilk false)
      (subtractmaskfromsilk false)
      (outputformat 1)
      (mirror false)
      (drillshape 1)
      (scaleselection 1)
      (outputdirectory ""))
  )

  (net 0 "")
  (net 1 "Net-(J1-PadTN)")
  (net 2 /Interface/audio_in)
  (net 3 GND)
  (net 4 /Interface/res_cv)
  (net 5 "Net-(J2-PadTN)")
  (net 6 /Interface/freq_cv)
  (net 7 "Net-(J3-PadTN)")
  (net 8 "Net-(J4-PadTN)")
  (net 9 /Interface/audio_out)
  (net 10 /Interface/freq_cv_c)
  (net 11 /Interface/res_knob)
  (net 12 +12V)
  (net 13 /Interface/freq_knob)
  (net 14 /Interface/res_cv_c)

  (net_class Default "これはデフォルトのネット クラスです。"
    (clearance 0.2)
    (trace_width 0.25)
    (via_dia 0.8)
    (via_drill 0.4)
    (uvia_dia 0.3)
    (uvia_drill 0.1)
    (add_net +12V)
    (add_net /Interface/audio_in)
    (add_net /Interface/audio_out)
    (add_net /Interface/freq_cv)
    (add_net /Interface/freq_cv_c)
    (add_net /Interface/freq_knob)
    (add_net /Interface/res_cv)
    (add_net /Interface/res_cv_c)
    (add_net /Interface/res_knob)
    (add_net GND)
    (add_net "Net-(J1-PadTN)")
    (add_net "Net-(J2-PadTN)")
    (add_net "Net-(J3-PadTN)")
    (add_net "Net-(J4-PadTN)")
  )

  (module MountingHole:MountingHole_3.2mm_M3 (layer F.Cu) (tedit 56D1B4CB) (tstamp 62ADE30B)
    (at 92.71 142.24)
    (descr "Mounting Hole 3.2mm, no annular, M3")
    (tags "mounting hole 3.2mm no annular m3")
    (attr virtual)
    (fp_text reference REF** (at 0 -4.2) (layer F.SilkS) hide
      (effects (font (size 1 1) (thickness 0.15)))
    )
    (fp_text value MountingHole_3.2mm_M3 (at 0 4.2) (layer F.Fab) hide
      (effects (font (size 1 1) (thickness 0.15)))
    )
    (fp_circle (center 0 0) (end 3.45 0) (layer F.CrtYd) (width 0.05))
    (fp_circle (center 0 0) (end 3.2 0) (layer Cmts.User) (width 0.15))
    (fp_text user %R (at 0.3 0) (layer F.Fab)
      (effects (font (size 1 1) (thickness 0.15)))
    )
    (pad 1 np_thru_hole circle (at 0 0) (size 3.2 3.2) (drill 3.2) (layers *.Cu *.Mask))
  )

  (module MountingHole:MountingHole_3.2mm_M3 (layer F.Cu) (tedit 56D1B4CB) (tstamp 62ADE299)
    (at 81.28 53.34)
    (descr "Mounting Hole 3.2mm, no annular, M3")
    (tags "mounting hole 3.2mm no annular m3")
    (attr virtual)
    (fp_text reference REF** (at 0 -4.2) (layer F.SilkS) hide
      (effects (font (size 1 1) (thickness 0.15)))
    )
    (fp_text value MountingHole_3.2mm_M3 (at 0 4.2) (layer F.Fab) hide
      (effects (font (size 1 1) (thickness 0.15)))
    )
    (fp_circle (center 0 0) (end 3.2 0) (layer Cmts.User) (width 0.15))
    (fp_circle (center 0 0) (end 3.45 0) (layer F.CrtYd) (width 0.05))
    (fp_text user %R (at 0.3 0) (layer F.Fab)
      (effects (font (size 1 1) (thickness 0.15)))
    )
    (pad 1 np_thru_hole circle (at 0 0) (size 3.2 3.2) (drill 3.2) (layers *.Cu *.Mask))
  )

  (module Attenuverter:mono_jack_3.5mm (layer F.Cu) (tedit 60FEAA3E) (tstamp 62AD7C75)
    (at 83.82 139.7)
    (path /62BC6F33/62BFEC6A)
    (fp_text reference J1 (at 0 -9.1) (layer F.SilkS)
      (effects (font (size 1 1) (thickness 0.15)))
    )
    (fp_text value "audio in" (at -0.03 7.11) (layer F.Fab)
      (effects (font (size 1 1) (thickness 0.15)))
    )
    (fp_line (start 4.53 -4.5) (end 0.38 -4.5) (layer F.SilkS) (width 0.12))
    (fp_line (start -0.32 -4.5) (end -4.47 -4.5) (layer F.SilkS) (width 0.12))
    (fp_line (start 0.03 -6.48) (end 0.03 -4.45) (layer F.Fab) (width 0.1))
    (fp_circle (center 0.03 0) (end 1.83 0) (layer F.Fab) (width 0.1))
    (fp_line (start -1.03 -7.48) (end -1.03 -6.68) (layer F.SilkS) (width 0.12))
    (fp_circle (center 0.03 0) (end 1.83 0) (layer F.SilkS) (width 0.12))
    (fp_line (start 4.53 6) (end 0.53 6) (layer F.SilkS) (width 0.12))
    (fp_line (start -1.04 1.01) (end 1.04 -1.07) (layer Dwgs.User) (width 0.12))
    (fp_line (start -0.55 1.35) (end 1.39 -0.59) (layer Dwgs.User) (width 0.12))
    (fp_line (start -1.38 -0.46) (end -0.43 -1.41) (layer Dwgs.User) (width 0.12))
    (fp_line (start -1.39 0.395) (end 0.43 -1.42) (layer Dwgs.User) (width 0.12))
    (fp_line (start 0.12 1.48) (end 1.51 0.09) (layer Dwgs.User) (width 0.12))
    (fp_circle (center 0.03 0) (end 1.53 0) (layer Dwgs.User) (width 0.12))
    (fp_line (start 4.53 -4.5) (end 4.53 6) (layer F.SilkS) (width 0.12))
    (fp_line (start -4.47 -4.5) (end -4.47 6) (layer F.SilkS) (width 0.12))
    (fp_line (start -4.47 6) (end -4.47 -4.4) (layer F.Fab) (width 0.1))
    (fp_line (start -4.97 6.5) (end -4.97 -7.9) (layer F.CrtYd) (width 0.05))
    (fp_line (start 4.53 6) (end 4.53 -4.4) (layer F.Fab) (width 0.1))
    (fp_line (start 4.53 6) (end -4.47 6) (layer F.Fab) (width 0.1))
    (fp_line (start 4.53 -4.45) (end -4.47 -4.45) (layer F.Fab) (width 0.1))
    (fp_line (start 5.03 6.5) (end -4.97 6.5) (layer F.CrtYd) (width 0.05))
    (fp_line (start 5.03 6.5) (end 5.03 -7.9) (layer F.CrtYd) (width 0.05))
    (fp_line (start 5.03 -7.9) (end -4.97 -7.9) (layer F.CrtYd) (width 0.05))
    (fp_line (start -0.47 6) (end -4.47 6) (layer F.SilkS) (width 0.12))
    (fp_line (start -1.03 -7.48) (end -0.17 -7.48) (layer F.SilkS) (width 0.12))
    (fp_text user KEEPOUT (at 0.03 0) (layer Cmts.User)
      (effects (font (size 0.4 0.4) (thickness 0.051)))
    )
    (pad TN thru_hole oval (at 0.03 -3.38 180) (size 2.5 2.13) (drill oval 2 1.2) (layers *.Cu *.Mask)
      (net 1 "Net-(J1-PadTN)"))
    (pad T thru_hole oval (at 0.03 4.92 180) (size 2.5 2.13) (drill oval 2 1.2) (layers *.Cu *.Mask)
      (net 2 /Interface/audio_in))
    (pad S thru_hole rect (at 0.03 -6.48 180) (size 1.93 1.83) (drill 1.22) (layers *.Cu *.Mask)
      (net 3 GND))
  )

  (module Attenuverter:mono_jack_3.5mm (layer F.Cu) (tedit 60FEAA3E) (tstamp 62AD7C96)
    (at 78.74 116.84)
    (path /62BC6F33/62C17154)
    (fp_text reference J2 (at 0 -9.1) (layer F.SilkS)
      (effects (font (size 1 1) (thickness 0.15)))
    )
    (fp_text value "res cv" (at -0.03 7.11) (layer F.Fab)
      (effects (font (size 1 1) (thickness 0.15)))
    )
    (fp_line (start -1.03 -7.48) (end -0.17 -7.48) (layer F.SilkS) (width 0.12))
    (fp_line (start -0.47 6) (end -4.47 6) (layer F.SilkS) (width 0.12))
    (fp_line (start 5.03 -7.9) (end -4.97 -7.9) (layer F.CrtYd) (width 0.05))
    (fp_line (start 5.03 6.5) (end 5.03 -7.9) (layer F.CrtYd) (width 0.05))
    (fp_line (start 5.03 6.5) (end -4.97 6.5) (layer F.CrtYd) (width 0.05))
    (fp_line (start 4.53 -4.45) (end -4.47 -4.45) (layer F.Fab) (width 0.1))
    (fp_line (start 4.53 6) (end -4.47 6) (layer F.Fab) (width 0.1))
    (fp_line (start 4.53 6) (end 4.53 -4.4) (layer F.Fab) (width 0.1))
    (fp_line (start -4.97 6.5) (end -4.97 -7.9) (layer F.CrtYd) (width 0.05))
    (fp_line (start -4.47 6) (end -4.47 -4.4) (layer F.Fab) (width 0.1))
    (fp_line (start -4.47 -4.5) (end -4.47 6) (layer F.SilkS) (width 0.12))
    (fp_line (start 4.53 -4.5) (end 4.53 6) (layer F.SilkS) (width 0.12))
    (fp_circle (center 0.03 0) (end 1.53 0) (layer Dwgs.User) (width 0.12))
    (fp_line (start 0.12 1.48) (end 1.51 0.09) (layer Dwgs.User) (width 0.12))
    (fp_line (start -1.39 0.395) (end 0.43 -1.42) (layer Dwgs.User) (width 0.12))
    (fp_line (start -1.38 -0.46) (end -0.43 -1.41) (layer Dwgs.User) (width 0.12))
    (fp_line (start -0.55 1.35) (end 1.39 -0.59) (layer Dwgs.User) (width 0.12))
    (fp_line (start -1.04 1.01) (end 1.04 -1.07) (layer Dwgs.User) (width 0.12))
    (fp_line (start 4.53 6) (end 0.53 6) (layer F.SilkS) (width 0.12))
    (fp_circle (center 0.03 0) (end 1.83 0) (layer F.SilkS) (width 0.12))
    (fp_line (start -1.03 -7.48) (end -1.03 -6.68) (layer F.SilkS) (width 0.12))
    (fp_circle (center 0.03 0) (end 1.83 0) (layer F.Fab) (width 0.1))
    (fp_line (start 0.03 -6.48) (end 0.03 -4.45) (layer F.Fab) (width 0.1))
    (fp_line (start -0.32 -4.5) (end -4.47 -4.5) (layer F.SilkS) (width 0.12))
    (fp_line (start 4.53 -4.5) (end 0.38 -4.5) (layer F.SilkS) (width 0.12))
    (fp_text user KEEPOUT (at 0.03 0) (layer Cmts.User)
      (effects (font (size 0.4 0.4) (thickness 0.051)))
    )
    (pad S thru_hole rect (at 0.03 -6.48 180) (size 1.93 1.83) (drill 1.22) (layers *.Cu *.Mask)
      (net 3 GND))
    (pad T thru_hole oval (at 0.03 4.92 180) (size 2.5 2.13) (drill oval 2 1.2) (layers *.Cu *.Mask)
      (net 4 /Interface/res_cv))
    (pad TN thru_hole oval (at 0.03 -3.38 180) (size 2.5 2.13) (drill oval 2 1.2) (layers *.Cu *.Mask)
      (net 5 "Net-(J2-PadTN)"))
  )

  (module Attenuverter:mono_jack_3.5mm (layer F.Cu) (tedit 60FEAA3E) (tstamp 62AD7CB7)
    (at 78.74 76.2)
    (path /62BC6F33/62BFEC77)
    (fp_text reference J3 (at 0 -9.1) (layer F.SilkS)
      (effects (font (size 1 1) (thickness 0.15)))
    )
    (fp_text value "freq cv" (at -0.03 7.11) (layer F.Fab)
      (effects (font (size 1 1) (thickness 0.15)))
    )
    (fp_line (start -1.03 -7.48) (end -0.17 -7.48) (layer F.SilkS) (width 0.12))
    (fp_line (start -0.47 6) (end -4.47 6) (layer F.SilkS) (width 0.12))
    (fp_line (start 5.03 -7.9) (end -4.97 -7.9) (layer F.CrtYd) (width 0.05))
    (fp_line (start 5.03 6.5) (end 5.03 -7.9) (layer F.CrtYd) (width 0.05))
    (fp_line (start 5.03 6.5) (end -4.97 6.5) (layer F.CrtYd) (width 0.05))
    (fp_line (start 4.53 -4.45) (end -4.47 -4.45) (layer F.Fab) (width 0.1))
    (fp_line (start 4.53 6) (end -4.47 6) (layer F.Fab) (width 0.1))
    (fp_line (start 4.53 6) (end 4.53 -4.4) (layer F.Fab) (width 0.1))
    (fp_line (start -4.97 6.5) (end -4.97 -7.9) (layer F.CrtYd) (width 0.05))
    (fp_line (start -4.47 6) (end -4.47 -4.4) (layer F.Fab) (width 0.1))
    (fp_line (start -4.47 -4.5) (end -4.47 6) (layer F.SilkS) (width 0.12))
    (fp_line (start 4.53 -4.5) (end 4.53 6) (layer F.SilkS) (width 0.12))
    (fp_circle (center 0.03 0) (end 1.53 0) (layer Dwgs.User) (width 0.12))
    (fp_line (start 0.12 1.48) (end 1.51 0.09) (layer Dwgs.User) (width 0.12))
    (fp_line (start -1.39 0.395) (end 0.43 -1.42) (layer Dwgs.User) (width 0.12))
    (fp_line (start -1.38 -0.46) (end -0.43 -1.41) (layer Dwgs.User) (width 0.12))
    (fp_line (start -0.55 1.35) (end 1.39 -0.59) (layer Dwgs.User) (width 0.12))
    (fp_line (start -1.04 1.01) (end 1.04 -1.07) (layer Dwgs.User) (width 0.12))
    (fp_line (start 4.53 6) (end 0.53 6) (layer F.SilkS) (width 0.12))
    (fp_circle (center 0.03 0) (end 1.83 0) (layer F.SilkS) (width 0.12))
    (fp_line (start -1.03 -7.48) (end -1.03 -6.68) (layer F.SilkS) (width 0.12))
    (fp_circle (center 0.03 0) (end 1.83 0) (layer F.Fab) (width 0.1))
    (fp_line (start 0.03 -6.48) (end 0.03 -4.45) (layer F.Fab) (width 0.1))
    (fp_line (start -0.32 -4.5) (end -4.47 -4.5) (layer F.SilkS) (width 0.12))
    (fp_line (start 4.53 -4.5) (end 0.38 -4.5) (layer F.SilkS) (width 0.12))
    (fp_text user KEEPOUT (at 0.03 0) (layer Cmts.User)
      (effects (font (size 0.4 0.4) (thickness 0.051)))
    )
    (pad S thru_hole rect (at 0.03 -6.48 180) (size 1.93 1.83) (drill 1.22) (layers *.Cu *.Mask)
      (net 3 GND))
    (pad T thru_hole oval (at 0.03 4.92 180) (size 2.5 2.13) (drill oval 2 1.2) (layers *.Cu *.Mask)
      (net 6 /Interface/freq_cv))
    (pad TN thru_hole oval (at 0.03 -3.38 180) (size 2.5 2.13) (drill oval 2 1.2) (layers *.Cu *.Mask)
      (net 7 "Net-(J3-PadTN)"))
  )

  (module Attenuverter:mono_jack_3.5mm (layer F.Cu) (tedit 60FEAA3E) (tstamp 62AD7CD8)
    (at 101.6 139.7)
    (path /62BC6F33/62BFEC84)
    (fp_text reference J4 (at 0 -9.1) (layer F.SilkS)
      (effects (font (size 1 1) (thickness 0.15)))
    )
    (fp_text value "audio out" (at -0.03 7.11) (layer F.Fab)
      (effects (font (size 1 1) (thickness 0.15)))
    )
    (fp_line (start 4.53 -4.5) (end 0.38 -4.5) (layer F.SilkS) (width 0.12))
    (fp_line (start -0.32 -4.5) (end -4.47 -4.5) (layer F.SilkS) (width 0.12))
    (fp_line (start 0.03 -6.48) (end 0.03 -4.45) (layer F.Fab) (width 0.1))
    (fp_circle (center 0.03 0) (end 1.83 0) (layer F.Fab) (width 0.1))
    (fp_line (start -1.03 -7.48) (end -1.03 -6.68) (layer F.SilkS) (width 0.12))
    (fp_circle (center 0.03 0) (end 1.83 0) (layer F.SilkS) (width 0.12))
    (fp_line (start 4.53 6) (end 0.53 6) (layer F.SilkS) (width 0.12))
    (fp_line (start -1.04 1.01) (end 1.04 -1.07) (layer Dwgs.User) (width 0.12))
    (fp_line (start -0.55 1.35) (end 1.39 -0.59) (layer Dwgs.User) (width 0.12))
    (fp_line (start -1.38 -0.46) (end -0.43 -1.41) (layer Dwgs.User) (width 0.12))
    (fp_line (start -1.39 0.395) (end 0.43 -1.42) (layer Dwgs.User) (width 0.12))
    (fp_line (start 0.12 1.48) (end 1.51 0.09) (layer Dwgs.User) (width 0.12))
    (fp_circle (center 0.03 0) (end 1.53 0) (layer Dwgs.User) (width 0.12))
    (fp_line (start 4.53 -4.5) (end 4.53 6) (layer F.SilkS) (width 0.12))
    (fp_line (start -4.47 -4.5) (end -4.47 6) (layer F.SilkS) (width 0.12))
    (fp_line (start -4.47 6) (end -4.47 -4.4) (layer F.Fab) (width 0.1))
    (fp_line (start -4.97 6.5) (end -4.97 -7.9) (layer F.CrtYd) (width 0.05))
    (fp_line (start 4.53 6) (end 4.53 -4.4) (layer F.Fab) (width 0.1))
    (fp_line (start 4.53 6) (end -4.47 6) (layer F.Fab) (width 0.1))
    (fp_line (start 4.53 -4.45) (end -4.47 -4.45) (layer F.Fab) (width 0.1))
    (fp_line (start 5.03 6.5) (end -4.97 6.5) (layer F.CrtYd) (width 0.05))
    (fp_line (start 5.03 6.5) (end 5.03 -7.9) (layer F.CrtYd) (width 0.05))
    (fp_line (start 5.03 -7.9) (end -4.97 -7.9) (layer F.CrtYd) (width 0.05))
    (fp_line (start -0.47 6) (end -4.47 6) (layer F.SilkS) (width 0.12))
    (fp_line (start -1.03 -7.48) (end -0.17 -7.48) (layer F.SilkS) (width 0.12))
    (fp_text user KEEPOUT (at 0.03 0) (layer Cmts.User)
      (effects (font (size 0.4 0.4) (thickness 0.051)))
    )
    (pad TN thru_hole oval (at 0.03 -3.38 180) (size 2.5 2.13) (drill oval 2 1.2) (layers *.Cu *.Mask)
      (net 8 "Net-(J4-PadTN)"))
    (pad T thru_hole oval (at 0.03 4.92 180) (size 2.5 2.13) (drill oval 2 1.2) (layers *.Cu *.Mask)
      (net 9 /Interface/audio_out))
    (pad S thru_hole rect (at 0.03 -6.48 180) (size 1.93 1.83) (drill 1.22) (layers *.Cu *.Mask)
      (net 3 GND))
  )

  (module Connector_PinHeader_2.54mm:PinHeader_2x06_P2.54mm_Vertical (layer F.Cu) (tedit 59FED5CC) (tstamp 62AD7CFA)
    (at 81.28 91.44)
    (descr "Through hole straight pin header, 2x06, 2.54mm pitch, double rows")
    (tags "Through hole pin header THT 2x06 2.54mm double row")
    (path /62BC6F33/62CBED4A)
    (fp_text reference J5 (at 1.27 -2.33) (layer F.SilkS)
      (effects (font (size 1 1) (thickness 0.15)))
    )
    (fp_text value interface_to_core (at 1.27 15.03) (layer F.Fab)
      (effects (font (size 1 1) (thickness 0.15)))
    )
    (fp_line (start 4.35 -1.8) (end -1.8 -1.8) (layer F.CrtYd) (width 0.05))
    (fp_line (start 4.35 14.5) (end 4.35 -1.8) (layer F.CrtYd) (width 0.05))
    (fp_line (start -1.8 14.5) (end 4.35 14.5) (layer F.CrtYd) (width 0.05))
    (fp_line (start -1.8 -1.8) (end -1.8 14.5) (layer F.CrtYd) (width 0.05))
    (fp_line (start -1.33 -1.33) (end 0 -1.33) (layer F.SilkS) (width 0.12))
    (fp_line (start -1.33 0) (end -1.33 -1.33) (layer F.SilkS) (width 0.12))
    (fp_line (start 1.27 -1.33) (end 3.87 -1.33) (layer F.SilkS) (width 0.12))
    (fp_line (start 1.27 1.27) (end 1.27 -1.33) (layer F.SilkS) (width 0.12))
    (fp_line (start -1.33 1.27) (end 1.27 1.27) (layer F.SilkS) (width 0.12))
    (fp_line (start 3.87 -1.33) (end 3.87 14.03) (layer F.SilkS) (width 0.12))
    (fp_line (start -1.33 1.27) (end -1.33 14.03) (layer F.SilkS) (width 0.12))
    (fp_line (start -1.33 14.03) (end 3.87 14.03) (layer F.SilkS) (width 0.12))
    (fp_line (start -1.27 0) (end 0 -1.27) (layer F.Fab) (width 0.1))
    (fp_line (start -1.27 13.97) (end -1.27 0) (layer F.Fab) (width 0.1))
    (fp_line (start 3.81 13.97) (end -1.27 13.97) (layer F.Fab) (width 0.1))
    (fp_line (start 3.81 -1.27) (end 3.81 13.97) (layer F.Fab) (width 0.1))
    (fp_line (start 0 -1.27) (end 3.81 -1.27) (layer F.Fab) (width 0.1))
    (fp_text user %R (at 1.27 6.35 90) (layer F.Fab)
      (effects (font (size 1 1) (thickness 0.15)))
    )
    (pad 1 thru_hole rect (at 0 0) (size 1.7 1.7) (drill 1) (layers *.Cu *.Mask)
      (net 10 /Interface/freq_cv_c))
    (pad 2 thru_hole oval (at 2.54 0) (size 1.7 1.7) (drill 1) (layers *.Cu *.Mask)
      (net 11 /Interface/res_knob))
    (pad 3 thru_hole oval (at 0 2.54) (size 1.7 1.7) (drill 1) (layers *.Cu *.Mask)
      (net 3 GND))
    (pad 4 thru_hole oval (at 2.54 2.54) (size 1.7 1.7) (drill 1) (layers *.Cu *.Mask)
      (net 12 +12V))
    (pad 5 thru_hole oval (at 0 5.08) (size 1.7 1.7) (drill 1) (layers *.Cu *.Mask)
      (net 6 /Interface/freq_cv))
    (pad 6 thru_hole oval (at 2.54 5.08) (size 1.7 1.7) (drill 1) (layers *.Cu *.Mask)
      (net 4 /Interface/res_cv))
    (pad 7 thru_hole oval (at 0 7.62) (size 1.7 1.7) (drill 1) (layers *.Cu *.Mask)
      (net 12 +12V))
    (pad 8 thru_hole oval (at 2.54 7.62) (size 1.7 1.7) (drill 1) (layers *.Cu *.Mask)
      (net 3 GND))
    (pad 9 thru_hole oval (at 0 10.16) (size 1.7 1.7) (drill 1) (layers *.Cu *.Mask)
      (net 13 /Interface/freq_knob))
    (pad 10 thru_hole oval (at 2.54 10.16) (size 1.7 1.7) (drill 1) (layers *.Cu *.Mask)
      (net 9 /Interface/audio_out))
    (pad 11 thru_hole oval (at 0 12.7) (size 1.7 1.7) (drill 1) (layers *.Cu *.Mask)
      (net 2 /Interface/audio_in))
    (pad 12 thru_hole oval (at 2.54 12.7) (size 1.7 1.7) (drill 1) (layers *.Cu *.Mask)
      (net 14 /Interface/res_cv_c))
    (model ${KISYS3DMOD}/Connector_PinHeader_2.54mm.3dshapes/PinHeader_2x06_P2.54mm_Vertical.wrl
      (at (xyz 0 0 0))
      (scale (xyz 1 1 1))
      (rotate (xyz 0 0 0))
    )
  )

  (module Attenuverter:Potentiometer_Alps_RK09L_Single_Vertical (layer F.Cu) (tedit 60FF8D6E) (tstamp 62AD7D16)
    (at 101.6 58.42 90)
    (descr "Potentiometer, vertical, Alps RK09L Single, http://www.alps.com/prod/info/E/HTML/Potentiometer/RotaryPotentiometers/RK09L/RK09L_list.html")
    (tags "Potentiometer vertical Alps RK09L Single")
    (path /62BC6F33/62BFEC64)
    (fp_text reference VR1 (at 5.725 -10.5 90) (layer F.SilkS)
      (effects (font (size 1 1) (thickness 0.15)))
    )
    (fp_text value B10k (at 5.725 5.5 90) (layer F.Fab)
      (effects (font (size 1 1) (thickness 0.15)))
    )
    (fp_circle (center 7.5 -2.5) (end 10.5 -2.5) (layer F.Fab) (width 0.1))
    (fp_line (start 1 -8.55) (end 1 3.55) (layer F.Fab) (width 0.1))
    (fp_line (start 1 3.55) (end 12.35 3.55) (layer F.Fab) (width 0.1))
    (fp_line (start 12.35 3.55) (end 12.35 -8.55) (layer F.Fab) (width 0.1))
    (fp_line (start 12.35 -8.55) (end 1 -8.55) (layer F.Fab) (width 0.1))
    (fp_line (start 0.88 -8.67) (end 5.546 -8.67) (layer F.SilkS) (width 0.12))
    (fp_line (start 9.455 -8.67) (end 12.47 -8.67) (layer F.SilkS) (width 0.12))
    (fp_line (start 0.88 3.67) (end 5.546 3.67) (layer F.SilkS) (width 0.12))
    (fp_line (start 9.455 3.67) (end 12.47 3.67) (layer F.SilkS) (width 0.12))
    (fp_line (start 0.88 -8.67) (end 0.88 -5.871) (layer F.SilkS) (width 0.12))
    (fp_line (start 0.88 -4.129) (end 0.88 -3.37) (layer F.SilkS) (width 0.12))
    (fp_line (start 0.88 -1.629) (end 0.88 -0.87) (layer F.SilkS) (width 0.12))
    (fp_line (start 0.88 0.87) (end 0.88 3.67) (layer F.SilkS) (width 0.12))
    (fp_line (start 12.47 -8.67) (end 12.47 3.67) (layer F.SilkS) (width 0.12))
    (fp_line (start -1.15 -9.5) (end -1.15 4.5) (layer F.CrtYd) (width 0.05))
    (fp_line (start -1.15 4.5) (end 12.6 4.5) (layer F.CrtYd) (width 0.05))
    (fp_line (start 12.6 4.5) (end 12.6 -9.5) (layer F.CrtYd) (width 0.05))
    (fp_line (start 12.6 -9.5) (end -1.15 -9.5) (layer F.CrtYd) (width 0.05))
    (fp_text user %R (at 2 -2.5) (layer F.Fab)
      (effects (font (size 1 1) (thickness 0.15)))
    )
    (pad 3 thru_hole circle (at 0 0.02 90) (size 1.8 1.8) (drill 1) (layers *.Cu *.Mask)
      (net 12 +12V))
    (pad 2 thru_hole circle (at 0 -2.5 90) (size 1.8 1.8) (drill 1) (layers *.Cu *.Mask)
      (net 13 /Interface/freq_knob))
    (pad 1 thru_hole circle (at 0 -5.02 90) (size 1.8 1.8) (drill 1) (layers *.Cu *.Mask)
      (net 3 GND))
    (pad "" np_thru_hole circle (at 7.5 -7.25 90) (size 4 4) (drill 2) (layers *.Cu *.Mask))
    (pad "" np_thru_hole circle (at 7.5 2.25 90) (size 4 4) (drill 2) (layers *.Cu *.Mask))
    (model ${KISYS3DMOD}/Potentiometer_THT.3dshapes/Potentiometer_Alps_RK09L_Single_Vertical.wrl
      (at (xyz 0 0 0))
      (scale (xyz 1 1 1))
      (rotate (xyz 0 0 0))
    )
  )

  (module Attenuverter:Potentiometer_Alps_RK09L_Single_Vertical (layer F.Cu) (tedit 60FF8D6E) (tstamp 62AD7D32)
    (at 101.6 83.82 90)
    (descr "Potentiometer, vertical, Alps RK09L Single, http://www.alps.com/prod/info/E/HTML/Potentiometer/RotaryPotentiometers/RK09L/RK09L_list.html")
    (tags "Potentiometer vertical Alps RK09L Single")
    (path /62BC6F33/62C9F9D1)
    (fp_text reference VR2 (at 5.725 -10.5 90) (layer F.SilkS)
      (effects (font (size 1 1) (thickness 0.15)))
    )
    (fp_text value B100k (at 5.725 5.5 90) (layer F.Fab)
      (effects (font (size 1 1) (thickness 0.15)))
    )
    (fp_line (start 12.6 -9.5) (end -1.15 -9.5) (layer F.CrtYd) (width 0.05))
    (fp_line (start 12.6 4.5) (end 12.6 -9.5) (layer F.CrtYd) (width 0.05))
    (fp_line (start -1.15 4.5) (end 12.6 4.5) (layer F.CrtYd) (width 0.05))
    (fp_line (start -1.15 -9.5) (end -1.15 4.5) (layer F.CrtYd) (width 0.05))
    (fp_line (start 12.47 -8.67) (end 12.47 3.67) (layer F.SilkS) (width 0.12))
    (fp_line (start 0.88 0.87) (end 0.88 3.67) (layer F.SilkS) (width 0.12))
    (fp_line (start 0.88 -1.629) (end 0.88 -0.87) (layer F.SilkS) (width 0.12))
    (fp_line (start 0.88 -4.129) (end 0.88 -3.37) (layer F.SilkS) (width 0.12))
    (fp_line (start 0.88 -8.67) (end 0.88 -5.871) (layer F.SilkS) (width 0.12))
    (fp_line (start 9.455 3.67) (end 12.47 3.67) (layer F.SilkS) (width 0.12))
    (fp_line (start 0.88 3.67) (end 5.546 3.67) (layer F.SilkS) (width 0.12))
    (fp_line (start 9.455 -8.67) (end 12.47 -8.67) (layer F.SilkS) (width 0.12))
    (fp_line (start 0.88 -8.67) (end 5.546 -8.67) (layer F.SilkS) (width 0.12))
    (fp_line (start 12.35 -8.55) (end 1 -8.55) (layer F.Fab) (width 0.1))
    (fp_line (start 12.35 3.55) (end 12.35 -8.55) (layer F.Fab) (width 0.1))
    (fp_line (start 1 3.55) (end 12.35 3.55) (layer F.Fab) (width 0.1))
    (fp_line (start 1 -8.55) (end 1 3.55) (layer F.Fab) (width 0.1))
    (fp_circle (center 7.5 -2.5) (end 10.5 -2.5) (layer F.Fab) (width 0.1))
    (fp_text user %R (at 2 -2.5) (layer F.Fab)
      (effects (font (size 1 1) (thickness 0.15)))
    )
    (pad "" np_thru_hole circle (at 7.5 2.25 90) (size 4 4) (drill 2) (layers *.Cu *.Mask))
    (pad "" np_thru_hole circle (at 7.5 -7.25 90) (size 4 4) (drill 2) (layers *.Cu *.Mask))
    (pad 1 thru_hole circle (at 0 -5.02 90) (size 1.8 1.8) (drill 1) (layers *.Cu *.Mask)
      (net 3 GND))
    (pad 2 thru_hole circle (at 0 -2.5 90) (size 1.8 1.8) (drill 1) (layers *.Cu *.Mask)
      (net 10 /Interface/freq_cv_c))
    (pad 3 thru_hole circle (at 0 0.02 90) (size 1.8 1.8) (drill 1) (layers *.Cu *.Mask)
      (net 6 /Interface/freq_cv))
    (model ${KISYS3DMOD}/Potentiometer_THT.3dshapes/Potentiometer_Alps_RK09L_Single_Vertical.wrl
      (at (xyz 0 0 0))
      (scale (xyz 1 1 1))
      (rotate (xyz 0 0 0))
    )
  )

  (module Attenuverter:Potentiometer_Alps_RK09L_Single_Vertical (layer F.Cu) (tedit 60FF8D6E) (tstamp 62AD7D4E)
    (at 101.6 104.14 90)
    (descr "Potentiometer, vertical, Alps RK09L Single, http://www.alps.com/prod/info/E/HTML/Potentiometer/RotaryPotentiometers/RK09L/RK09L_list.html")
    (tags "Potentiometer vertical Alps RK09L Single")
    (path /62BC6F33/62C1713F)
    (fp_text reference VR3 (at 5.725 -10.5 90) (layer F.SilkS)
      (effects (font (size 1 1) (thickness 0.15)))
    )
    (fp_text value B100k (at 5.725 5.5 90) (layer F.Fab)
      (effects (font (size 1 1) (thickness 0.15)))
    )
    (fp_line (start 12.6 -9.5) (end -1.15 -9.5) (layer F.CrtYd) (width 0.05))
    (fp_line (start 12.6 4.5) (end 12.6 -9.5) (layer F.CrtYd) (width 0.05))
    (fp_line (start -1.15 4.5) (end 12.6 4.5) (layer F.CrtYd) (width 0.05))
    (fp_line (start -1.15 -9.5) (end -1.15 4.5) (layer F.CrtYd) (width 0.05))
    (fp_line (start 12.47 -8.67) (end 12.47 3.67) (layer F.SilkS) (width 0.12))
    (fp_line (start 0.88 0.87) (end 0.88 3.67) (layer F.SilkS) (width 0.12))
    (fp_line (start 0.88 -1.629) (end 0.88 -0.87) (layer F.SilkS) (width 0.12))
    (fp_line (start 0.88 -4.129) (end 0.88 -3.37) (layer F.SilkS) (width 0.12))
    (fp_line (start 0.88 -8.67) (end 0.88 -5.871) (layer F.SilkS) (width 0.12))
    (fp_line (start 9.455 3.67) (end 12.47 3.67) (layer F.SilkS) (width 0.12))
    (fp_line (start 0.88 3.67) (end 5.546 3.67) (layer F.SilkS) (width 0.12))
    (fp_line (start 9.455 -8.67) (end 12.47 -8.67) (layer F.SilkS) (width 0.12))
    (fp_line (start 0.88 -8.67) (end 5.546 -8.67) (layer F.SilkS) (width 0.12))
    (fp_line (start 12.35 -8.55) (end 1 -8.55) (layer F.Fab) (width 0.1))
    (fp_line (start 12.35 3.55) (end 12.35 -8.55) (layer F.Fab) (width 0.1))
    (fp_line (start 1 3.55) (end 12.35 3.55) (layer F.Fab) (width 0.1))
    (fp_line (start 1 -8.55) (end 1 3.55) (layer F.Fab) (width 0.1))
    (fp_circle (center 7.5 -2.5) (end 10.5 -2.5) (layer F.Fab) (width 0.1))
    (fp_text user %R (at 2 -2.5) (layer F.Fab)
      (effects (font (size 1 1) (thickness 0.15)))
    )
    (pad "" np_thru_hole circle (at 7.5 2.25 90) (size 4 4) (drill 2) (layers *.Cu *.Mask))
    (pad "" np_thru_hole circle (at 7.5 -7.25 90) (size 4 4) (drill 2) (layers *.Cu *.Mask))
    (pad 1 thru_hole circle (at 0 -5.02 90) (size 1.8 1.8) (drill 1) (layers *.Cu *.Mask)
      (net 3 GND))
    (pad 2 thru_hole circle (at 0 -2.5 90) (size 1.8 1.8) (drill 1) (layers *.Cu *.Mask)
      (net 11 /Interface/res_knob))
    (pad 3 thru_hole circle (at 0 0.02 90) (size 1.8 1.8) (drill 1) (layers *.Cu *.Mask)
      (net 12 +12V))
    (model ${KISYS3DMOD}/Potentiometer_THT.3dshapes/Potentiometer_Alps_RK09L_Single_Vertical.wrl
      (at (xyz 0 0 0))
      (scale (xyz 1 1 1))
      (rotate (xyz 0 0 0))
    )
  )

  (module Attenuverter:Potentiometer_Alps_RK09L_Single_Vertical (layer F.Cu) (tedit 60FF8D6E) (tstamp 62AD7D6A)
    (at 101.6 124.46 90)
    (descr "Potentiometer, vertical, Alps RK09L Single, http://www.alps.com/prod/info/E/HTML/Potentiometer/RotaryPotentiometers/RK09L/RK09L_list.html")
    (tags "Potentiometer vertical Alps RK09L Single")
    (path /62BC6F33/62C9F9B9)
    (fp_text reference VR4 (at 5.725 -10.5 90) (layer F.SilkS)
      (effects (font (size 1 1) (thickness 0.15)))
    )
    (fp_text value B100k (at 5.725 5.5 90) (layer F.Fab)
      (effects (font (size 1 1) (thickness 0.15)))
    )
    (fp_circle (center 7.5 -2.5) (end 10.5 -2.5) (layer F.Fab) (width 0.1))
    (fp_line (start 1 -8.55) (end 1 3.55) (layer F.Fab) (width 0.1))
    (fp_line (start 1 3.55) (end 12.35 3.55) (layer F.Fab) (width 0.1))
    (fp_line (start 12.35 3.55) (end 12.35 -8.55) (layer F.Fab) (width 0.1))
    (fp_line (start 12.35 -8.55) (end 1 -8.55) (layer F.Fab) (width 0.1))
    (fp_line (start 0.88 -8.67) (end 5.546 -8.67) (layer F.SilkS) (width 0.12))
    (fp_line (start 9.455 -8.67) (end 12.47 -8.67) (layer F.SilkS) (width 0.12))
    (fp_line (start 0.88 3.67) (end 5.546 3.67) (layer F.SilkS) (width 0.12))
    (fp_line (start 9.455 3.67) (end 12.47 3.67) (layer F.SilkS) (width 0.12))
    (fp_line (start 0.88 -8.67) (end 0.88 -5.871) (layer F.SilkS) (width 0.12))
    (fp_line (start 0.88 -4.129) (end 0.88 -3.37) (layer F.SilkS) (width 0.12))
    (fp_line (start 0.88 -1.629) (end 0.88 -0.87) (layer F.SilkS) (width 0.12))
    (fp_line (start 0.88 0.87) (end 0.88 3.67) (layer F.SilkS) (width 0.12))
    (fp_line (start 12.47 -8.67) (end 12.47 3.67) (layer F.SilkS) (width 0.12))
    (fp_line (start -1.15 -9.5) (end -1.15 4.5) (layer F.CrtYd) (width 0.05))
    (fp_line (start -1.15 4.5) (end 12.6 4.5) (layer F.CrtYd) (width 0.05))
    (fp_line (start 12.6 4.5) (end 12.6 -9.5) (layer F.CrtYd) (width 0.05))
    (fp_line (start 12.6 -9.5) (end -1.15 -9.5) (layer F.CrtYd) (width 0.05))
    (fp_text user %R (at 2 -2.5) (layer F.Fab)
      (effects (font (size 1 1) (thickness 0.15)))
    )
    (pad 3 thru_hole circle (at 0 0.02 90) (size 1.8 1.8) (drill 1) (layers *.Cu *.Mask)
      (net 4 /Interface/res_cv))
    (pad 2 thru_hole circle (at 0 -2.5 90) (size 1.8 1.8) (drill 1) (layers *.Cu *.Mask)
      (net 14 /Interface/res_cv_c))
    (pad 1 thru_hole circle (at 0 -5.02 90) (size 1.8 1.8) (drill 1) (layers *.Cu *.Mask)
      (net 3 GND))
    (pad "" np_thru_hole circle (at 7.5 -7.25 90) (size 4 4) (drill 2) (layers *.Cu *.Mask))
    (pad "" np_thru_hole circle (at 7.5 2.25 90) (size 4 4) (drill 2) (layers *.Cu *.Mask))
    (model ${KISYS3DMOD}/Potentiometer_THT.3dshapes/Potentiometer_Alps_RK09L_Single_Vertical.wrl
      (at (xyz 0 0 0))
      (scale (xyz 1 1 1))
      (rotate (xyz 0 0 0))
    )
  )

  (gr_text "3320 VCF ver.2" (at 87.63 68.58 90) (layer F.SilkS)
    (effects (font (size 2 2) (thickness 0.15)))
  )
  (gr_line (start 72.39 37.71) (end 113.03 37.71) (layer Eco1.User) (width 0.15) (tstamp 62ADE0DF))
  (gr_line (start 72.39 29.21) (end 72.39 157.71) (layer Eco1.User) (width 0.15) (tstamp 62ADE0DE))
  (gr_line (start 72.39 29.21) (end 113.03 29.21) (layer Eco1.User) (width 0.15) (tstamp 62ADE0DD))
  (gr_line (start 72.39 149.21) (end 113.03 149.21) (layer Eco1.User) (width 0.15) (tstamp 62ADE0DC))
  (gr_line (start 113.03 29.21) (end 113.03 157.71) (layer Eco1.User) (width 0.15) (tstamp 62ADE0DB))
  (gr_line (start 72.39 157.71) (end 113.03 157.71) (layer Eco1.User) (width 0.15) (tstamp 62ADE0DA))
  (gr_line (start 0 8.5) (end 40.64 8.5) (layer Eco1.User) (width 0.15) (tstamp 62ADE0D6))
  (gr_line (start 0 120) (end 40.64 120) (layer Eco1.User) (width 0.15) (tstamp 62ADE0D0))
  (gr_line (start 0 128.5) (end 40.64 128.5) (layer Eco1.User) (width 0.15) (tstamp 62ADDFDF))
  (gr_line (start 40.64 0) (end 40.64 128.5) (layer Eco1.User) (width 0.15) (tstamp 62ADDFDC))
  (gr_line (start 0 0) (end 40.64 0) (layer Eco1.User) (width 0.15))
  (gr_line (start 0 0) (end 0 128.5) (layer Eco1.User) (width 0.15))
  (gr_line (start 109.22 48.26) (end 76.2 48.26) (layer Edge.Cuts) (width 0.1) (tstamp 62AD77C7))
  (gr_line (start 109.22 147.32) (end 109.22 48.26) (layer Edge.Cuts) (width 0.1))
  (gr_line (start 76.2 147.32) (end 109.22 147.32) (layer Edge.Cuts) (width 0.1))
  (gr_line (start 76.2 48.26) (end 76.2 147.32) (layer Edge.Cuts) (width 0.1))

  (segment (start 81.28 142.05) (end 83.85 144.62) (width 0.25) (layer B.Cu) (net 2))
  (segment (start 77.19499 117.32783) (end 77.19499 137.96499) (width 0.25) (layer B.Cu) (net 2))
  (segment (start 77.19499 137.96499) (end 81.28 142.05) (width 0.25) (layer B.Cu) (net 2))
  (segment (start 81.28 113.24282) (end 77.19499 117.32783) (width 0.25) (layer B.Cu) (net 2))
  (segment (start 81.28 104.14) (end 81.28 113.24282) (width 0.25) (layer B.Cu) (net 2))
  (segment (start 82.55 97.79) (end 82.55 112.60923) (width 0.25) (layer B.Cu) (net 4))
  (segment (start 83.82 96.52) (end 82.55 97.79) (width 0.25) (layer B.Cu) (net 4))
  (segment (start 83.85 121.76) (end 90.01 121.76) (width 0.25) (layer B.Cu) (net 4))
  (segment (start 100.394999 125.685001) (end 101.62 124.46) (width 0.25) (layer B.Cu) (net 4))
  (segment (start 93.935001 125.685001) (end 100.394999 125.685001) (width 0.25) (layer B.Cu) (net 4))
  (segment (start 90.01 121.76) (end 93.935001 125.685001) (width 0.25) (layer B.Cu) (net 4))
  (segment (start 83.85 121.76) (end 78.77 121.76) (width 0.25) (layer B.Cu) (net 4))
  (segment (start 78.77 116.38923) (end 82.55 112.60923) (width 0.25) (layer B.Cu) (net 4))
  (segment (start 78.77 121.76) (end 78.77 116.38923) (width 0.25) (layer B.Cu) (net 4))
  (segment (start 98.92 81.12) (end 101.62 83.82) (width 0.25) (layer B.Cu) (net 6))
  (segment (start 83.85 81.12) (end 98.92 81.12) (width 0.25) (layer B.Cu) (net 6))
  (segment (start 78.105 94.615) (end 78.105 86.995) (width 0.25) (layer B.Cu) (net 6))
  (segment (start 80.01 96.52) (end 78.105 94.615) (width 0.25) (layer B.Cu) (net 6))
  (segment (start 81.28 96.52) (end 80.01 96.52) (width 0.25) (layer B.Cu) (net 6))
  (segment (start 78.105 80.645) (end 78.17577 80.645) (width 0.25) (layer B.Cu) (net 6))
  (segment (start 77.65499 81.09501) (end 78.105 80.645) (width 0.25) (layer B.Cu) (net 6))
  (segment (start 83.85 81.12) (end 78.77 81.12) (width 0.25) (layer B.Cu) (net 6))
  (segment (start 78.77 86.33) (end 78.105 86.995) (width 0.25) (layer B.Cu) (net 6))
  (segment (start 78.77 81.12) (end 78.77 86.33) (width 0.25) (layer B.Cu) (net 6))
  (segment (start 103.20501 143.04499) (end 101.63 144.62) (width 0.25) (layer B.Cu) (net 9))
  (segment (start 103.20501 120.98501) (end 103.20501 143.04499) (width 0.25) (layer B.Cu) (net 9))
  (segment (start 83.82 101.6) (end 103.20501 120.98501) (width 0.25) (layer B.Cu) (net 9))
  (segment (start 99.1 83.82) (end 95.29 87.63) (width 0.25) (layer B.Cu) (net 10))
  (segment (start 85.09 87.63) (end 81.28 91.44) (width 0.25) (layer B.Cu) (net 10))
  (segment (start 95.29 87.63) (end 85.09 87.63) (width 0.25) (layer B.Cu) (net 10))
  (segment (start 99.1 97.948998) (end 99.1 104.14) (width 0.25) (layer B.Cu) (net 11))
  (segment (start 92.591002 91.44) (end 99.1 97.948998) (width 0.25) (layer B.Cu) (net 11))
  (segment (start 83.82 91.44) (end 92.591002 91.44) (width 0.25) (layer B.Cu) (net 11))
  (segment (start 88.930001 99.090001) (end 96.570001 99.090001) (width 0.5) (layer F.Cu) (net 12))
  (segment (start 96.570001 99.090001) (end 101.62 104.14) (width 0.5) (layer F.Cu) (net 12))
  (segment (start 83.82 93.98) (end 88.930001 99.090001) (width 0.5) (layer F.Cu) (net 12))
  (segment (start 102.586001 81.025001) (end 96.774999 81.025001) (width 0.5) (layer F.Cu) (net 12))
  (segment (start 96.774999 81.025001) (end 83.82 93.98) (width 0.5) (layer F.Cu) (net 12))
  (segment (start 106.175001 77.436001) (end 102.586001 81.025001) (width 0.5) (layer F.Cu) (net 12))
  (segment (start 106.175001 62.975001) (end 106.175001 77.436001) (width 0.5) (layer F.Cu) (net 12))
  (segment (start 101.62 58.42) (end 106.175001 62.975001) (width 0.5) (layer F.Cu) (net 12))
  (segment (start 101.62 106.66) (end 101.62 104.14) (width 0.5) (layer F.Cu) (net 12))
  (segment (start 81.28 109.22) (end 99.06 109.22) (width 0.5) (layer F.Cu) (net 12))
  (segment (start 99.06 109.22) (end 101.62 106.66) (width 0.5) (layer F.Cu) (net 12))
  (segment (start 78.74 106.68) (end 81.28 109.22) (width 0.5) (layer F.Cu) (net 12))
  (segment (start 78.74 101.6) (end 78.74 106.68) (width 0.5) (layer F.Cu) (net 12))
  (segment (start 81.28 99.06) (end 78.74 101.6) (width 0.5) (layer F.Cu) (net 12))
  (segment (start 78.28999 95.4364) (end 77.65499 94.8014) (width 0.25) (layer B.Cu) (net 13))
  (segment (start 78.28999 98.60999) (end 78.28999 95.4364) (width 0.25) (layer B.Cu) (net 13))
  (segment (start 81.28 101.6) (end 78.28999 98.60999) (width 0.25) (layer B.Cu) (net 13))
  (segment (start 77.19499 84.44501) (end 77.19499 80.32501) (width 0.25) (layer B.Cu) (net 13))
  (segment (start 77.65499 84.90501) (end 77.19499 84.44501) (width 0.25) (layer B.Cu) (net 13))
  (segment (start 77.19499 80.32501) (end 99.1 58.42) (width 0.25) (layer B.Cu) (net 13))
  (segment (start 77.65499 94.8014) (end 77.65499 84.90501) (width 0.25) (layer B.Cu) (net 13))
  (segment (start 99.1 118.217919) (end 99.1 124.46) (width 0.25) (layer B.Cu) (net 14))
  (segment (start 85.022081 104.14) (end 99.1 118.217919) (width 0.25) (layer B.Cu) (net 14))
  (segment (start 83.82 104.14) (end 85.022081 104.14) (width 0.25) (layer B.Cu) (net 14))

  (zone (net 3) (net_name GND) (layer B.Cu) (tstamp 0) (hatch edge 0.508)
    (connect_pads (clearance 0.508))
    (min_thickness 0.254)
    (fill yes (arc_segments 32) (thermal_gap 0.508) (thermal_bridge_width 0.508))
    (polygon
      (pts
        (xy 109.22 147.32) (xy 76.2 147.32) (xy 76.2 48.26) (xy 109.22 48.26)
      )
    )
    (filled_polygon
      (pts
        (xy 92.303262 49.240285) (xy 92.014893 49.671859) (xy 91.816261 50.151399) (xy 91.715 50.660475) (xy 91.715 51.179525)
        (xy 91.816261 51.688601) (xy 92.014893 52.168141) (xy 92.303262 52.599715) (xy 92.670285 52.966738) (xy 93.101859 53.255107)
        (xy 93.581399 53.453739) (xy 94.090475 53.555) (xy 94.609525 53.555) (xy 94.71147 53.534722) (xy 95.071385 54.073372)
        (xy 95.786628 54.788615) (xy 96.627665 55.350578) (xy 97.562176 55.737665) (xy 98.554247 55.935) (xy 99.565753 55.935)
        (xy 100.557824 55.737665) (xy 101.492335 55.350578) (xy 102.333372 54.788615) (xy 103.048615 54.073372) (xy 103.417915 53.520676)
        (xy 103.590475 53.555) (xy 104.109525 53.555) (xy 104.618601 53.453739) (xy 105.098141 53.255107) (xy 105.529715 52.966738)
        (xy 105.896738 52.599715) (xy 106.185107 52.168141) (xy 106.383739 51.688601) (xy 106.485 51.179525) (xy 106.485 50.660475)
        (xy 106.383739 50.151399) (xy 106.185107 49.671859) (xy 105.896738 49.240285) (xy 105.601453 48.945) (xy 108.535001 48.945)
        (xy 108.535 146.635) (xy 76.885 146.635) (xy 76.885 138.729801) (xy 80.768997 142.613799) (xy 80.769002 142.613803)
        (xy 82.098887 143.943689) (xy 82.086806 143.966291) (xy 81.989598 144.286742) (xy 81.956775 144.62) (xy 81.989598 144.953258)
        (xy 82.086806 145.273709) (xy 82.244663 145.569039) (xy 82.457103 145.827897) (xy 82.715961 146.040337) (xy 83.011291 146.198194)
        (xy 83.331742 146.295402) (xy 83.58149 146.32) (xy 84.11851 146.32) (xy 84.368258 146.295402) (xy 84.688709 146.198194)
        (xy 84.984039 146.040337) (xy 85.242897 145.827897) (xy 85.455337 145.569039) (xy 85.613194 145.273709) (xy 85.710402 144.953258)
        (xy 85.743225 144.62) (xy 85.710402 144.286742) (xy 85.613194 143.966291) (xy 85.455337 143.670961) (xy 85.242897 143.412103)
        (xy 84.984039 143.199663) (xy 84.688709 143.041806) (xy 84.368258 142.944598) (xy 84.11851 142.92) (xy 83.58149 142.92)
        (xy 83.331742 142.944598) (xy 83.268564 142.963763) (xy 82.324673 142.019872) (xy 90.475 142.019872) (xy 90.475 142.460128)
